4 0.064062 0.559722 0.035937 0.152778
4 0.072656 0.393750 0.043750 0.156944
4 0.116016 0.388194 0.035156 0.145833
4 0.156641 0.364583 0.033594 0.123611
4 0.201563 0.361111 0.039062 0.138889
4 0.249609 0.352778 0.039844 0.163889
4 0.294922 0.323611 0.035156 0.138889
4 0.289844 0.469444 0.042188 0.138889
4 0.348047 0.347222 0.041406 0.155556
4 0.398438 0.395833 0.034375 0.116667
4 0.449219 0.350694 0.040625 0.148611
4 0.512109 0.343056 0.046094 0.172222
4 0.566797 0.353472 0.047656 0.145833
4 0.621875 0.370833 0.051562 0.163889
4 0.675781 0.359028 0.053125 0.162500
4 0.723828 0.357639 0.052344 0.143056
4 0.767578 0.336806 0.053906 0.137500
4 0.843359 0.377083 0.049219 0.145833
4 0.883594 0.373611 0.048438 0.127778
4 0.921875 0.370139 0.042188 0.137500
4 0.959766 0.363889 0.049219 0.119444
4 0.168750 0.827083 0.048438 0.173611
4 0.243359 0.851389 0.053906 0.183333
4 0.308203 0.843750 0.052344 0.204167
4 0.367969 0.834028 0.054688 0.165278
4 0.427344 0.827778 0.050000 0.169444
4 0.484766 0.779167 0.058594 0.202778
4 0.709766 0.739583 0.067969 0.212500
4 0.766406 0.722917 0.059375 0.201389
4 0.824609 0.717361 0.052344 0.165278
4 0.872656 0.706944 0.046875 0.152778
4 0.912891 0.705556 0.046094 0.163889
4 0.956250 0.701389 0.051562 0.180556
4 0.188281 0.148611 0.035937 0.108333
4 0.226562 0.134028 0.035937 0.104167
4 0.266406 0.123611 0.037500 0.108333
4 0.312109 0.108333 0.041406 0.102778
4 0.402344 0.100694 0.032813 0.084722
4 0.448437 0.081944 0.042188 0.108333
4 0.507812 0.072222 0.034375 0.105556
4 0.562500 0.056250 0.035937 0.109722
4 0.610547 0.048611 0.033594 0.091667
4 0.730859 0.143056 0.083594 0.063889
