4 0.072656 0.390278 0.045312 0.166667
4 0.114062 0.389583 0.032813 0.159722
4 0.155859 0.372917 0.042969 0.201389
4 0.201953 0.364583 0.036719 0.148611
4 0.250000 0.354167 0.043750 0.161111
4 0.298047 0.330556 0.036719 0.133333
4 0.345703 0.347917 0.042969 0.165278
4 0.398828 0.398611 0.046094 0.122222
4 0.448437 0.356250 0.045312 0.145833
4 0.187109 0.146528 0.035156 0.106944
4 0.227344 0.138194 0.034375 0.104167
4 0.268750 0.127778 0.039062 0.111111
4 0.489453 0.065972 0.044531 0.129167
4 0.186719 0.909028 0.046875 0.156944
4 0.370312 0.840972 0.048438 0.154167
4 0.528516 0.804167 0.052344 0.180556
4 0.567578 0.359028 0.042969 0.148611
4 0.554688 0.061111 0.039062 0.102778
4 0.608203 0.054167 0.038281 0.105556
4 0.728516 0.144444 0.085156 0.072222
4 0.623437 0.377778 0.043750 0.155556
4 0.678125 0.362500 0.045312 0.150000
4 0.767578 0.340972 0.053906 0.129167
4 0.870703 0.711111 0.053906 0.158333
4 0.912500 0.706944 0.053125 0.163889
4 0.921094 0.370139 0.045312 0.123611
4 0.955859 0.688889 0.052344 0.169444
