4 0.073438 0.395833 0.039062 0.150000
4 0.062109 0.558333 0.042969 0.147222
4 0.116797 0.393056 0.035156 0.147222
4 0.157812 0.365972 0.037500 0.120833
4 0.200000 0.368056 0.034375 0.138889
4 0.246484 0.352083 0.038281 0.156944
4 0.296875 0.327083 0.037500 0.137500
4 0.291406 0.472222 0.045312 0.150000
4 0.349219 0.345833 0.046875 0.169444
4 0.398828 0.398611 0.038281 0.122222
4 0.448437 0.357639 0.039062 0.140278
4 0.513281 0.350000 0.048438 0.186111
4 0.568750 0.356250 0.045312 0.148611
4 0.622656 0.377778 0.048438 0.158333
4 0.675391 0.363889 0.055469 0.158333
4 0.725781 0.360417 0.054688 0.134722
4 0.772266 0.345139 0.049219 0.134722
4 0.844141 0.377778 0.052344 0.152778
4 0.880859 0.372222 0.044531 0.127778
4 0.919531 0.371528 0.051562 0.112500
4 0.960938 0.372222 0.045312 0.097222
4 0.166797 0.871528 0.046094 0.129167
4 0.249609 0.847917 0.041406 0.179167
4 0.308594 0.846528 0.046875 0.187500
4 0.365234 0.838194 0.052344 0.148611
4 0.480469 0.786806 0.053125 0.223611
4 0.712891 0.738194 0.074219 0.195833
4 0.771094 0.722222 0.056250 0.202778
4 0.825000 0.712500 0.053125 0.147222
4 0.872656 0.710417 0.046875 0.145833
4 0.913281 0.708333 0.045312 0.152778
4 0.951172 0.694444 0.049219 0.172222
4 0.187109 0.143750 0.033594 0.109722
4 0.227344 0.136111 0.031250 0.105556
4 0.268750 0.126389 0.037500 0.108333
4 0.313281 0.098611 0.042188 0.088889
4 0.403125 0.097222 0.040625 0.105556
4 0.448437 0.084028 0.037500 0.098611
4 0.508203 0.067361 0.041406 0.095833
4 0.564844 0.055556 0.039062 0.108333
4 0.610156 0.051389 0.034375 0.100000
4 0.731250 0.145139 0.081250 0.065278
