4 0.075391 0.395833 0.039844 0.152778
4 0.061719 0.561111 0.042188 0.161111
4 0.115625 0.388194 0.035937 0.148611
4 0.157031 0.368750 0.032813 0.120833
4 0.197266 0.372222 0.041406 0.144444
4 0.250391 0.354861 0.036719 0.162500
4 0.298438 0.328472 0.040625 0.137500
4 0.294141 0.471528 0.050781 0.143056
4 0.347266 0.349306 0.042969 0.165278
4 0.400391 0.402083 0.039844 0.118056
4 0.449609 0.352778 0.041406 0.136111
4 0.514844 0.347917 0.050000 0.181944
4 0.569922 0.357639 0.049219 0.148611
4 0.621484 0.375694 0.050781 0.159722
4 0.676172 0.360417 0.057031 0.159722
4 0.723437 0.359028 0.054688 0.137500
4 0.766406 0.339583 0.051562 0.123611
4 0.843750 0.379167 0.048438 0.147222
4 0.881250 0.375694 0.043750 0.129167
4 0.920312 0.381250 0.053125 0.109722
4 0.959766 0.371528 0.049219 0.101389
4 0.168359 0.872222 0.041406 0.130556
4 0.248047 0.852083 0.047656 0.184722
4 0.308594 0.845833 0.050000 0.188889
4 0.367969 0.834722 0.045312 0.155556
4 0.422656 0.806944 0.053125 0.205556
4 0.485547 0.775000 0.058594 0.202778
4 0.708984 0.738194 0.067969 0.195833
4 0.771094 0.707639 0.062500 0.165278
4 0.825781 0.720833 0.050000 0.161111
4 0.879687 0.711111 0.042188 0.152778
4 0.917578 0.709722 0.050781 0.158333
4 0.190234 0.143750 0.033594 0.104167
4 0.229297 0.138194 0.032031 0.104167
4 0.270703 0.126389 0.036719 0.105556
4 0.314453 0.095833 0.041406 0.086111
4 0.403906 0.090278 0.035937 0.102778
4 0.448047 0.080556 0.038281 0.102778
4 0.507031 0.068750 0.039062 0.087500
4 0.566797 0.053472 0.041406 0.104167
4 0.611719 0.047222 0.029687 0.091667
4 0.736719 0.134028 0.092188 0.081944
