4 0.073438 0.402083 0.045312 0.159722
4 0.116797 0.393750 0.032031 0.151389
4 0.155078 0.379167 0.046094 0.191667
4 0.200000 0.366667 0.037500 0.138889
4 0.250000 0.351389 0.037500 0.161111
4 0.296484 0.329861 0.035156 0.137500
4 0.344922 0.345833 0.041406 0.161111
4 0.399609 0.399306 0.041406 0.120833
4 0.449219 0.354861 0.040625 0.143056
4 0.568359 0.360417 0.046094 0.148611
4 0.623437 0.375694 0.050000 0.159722
4 0.675391 0.360417 0.055469 0.159722
4 0.767969 0.340278 0.056250 0.130556
4 0.187109 0.145139 0.032031 0.104167
4 0.225781 0.135417 0.032813 0.104167
4 0.266016 0.124306 0.032031 0.112500
4 0.492969 0.068750 0.050000 0.131944
4 0.555859 0.059722 0.047656 0.102778
4 0.610156 0.052083 0.037500 0.101389
4 0.727344 0.145139 0.081250 0.062500
4 0.923047 0.370833 0.050781 0.127778
4 0.188281 0.906944 0.048438 0.163889
4 0.308984 0.847222 0.049219 0.191667
4 0.369922 0.843750 0.047656 0.165278
4 0.871484 0.709028 0.057031 0.154167
4 0.912891 0.704861 0.049219 0.154167
4 0.957812 0.688194 0.050000 0.170833
