4 0.074219 0.402083 0.035937 0.154167
4 0.116406 0.393056 0.029687 0.150000
4 0.155859 0.368750 0.033594 0.120833
4 0.200000 0.365278 0.034375 0.141667
4 0.249609 0.350694 0.038281 0.156944
4 0.064062 0.563889 0.035937 0.155556
4 0.296875 0.329861 0.039062 0.129167
4 0.290234 0.467361 0.041406 0.143056
4 0.345703 0.352083 0.039844 0.156944
4 0.398438 0.399306 0.039062 0.118056
4 0.449219 0.357639 0.040625 0.137500
4 0.514062 0.350000 0.048438 0.177778
4 0.569922 0.354167 0.046094 0.147222
4 0.623828 0.375000 0.050781 0.163889
4 0.675391 0.363194 0.052344 0.151389
4 0.726562 0.360417 0.046875 0.134722
4 0.769141 0.341667 0.050781 0.127778
4 0.845313 0.379167 0.046875 0.152778
4 0.881641 0.376389 0.049219 0.136111
4 0.923438 0.373611 0.046875 0.122222
4 0.956641 0.370833 0.047656 0.122222
4 0.121094 0.872222 0.045312 0.158333
4 0.173437 0.896528 0.051562 0.173611
4 0.252344 0.871528 0.043750 0.173611
4 0.311328 0.848611 0.050781 0.191667
4 0.370703 0.844444 0.049219 0.158333
4 0.424609 0.808333 0.046094 0.197222
4 0.482031 0.794444 0.051562 0.197222
4 0.710156 0.745833 0.070312 0.213889
4 0.765625 0.729861 0.065625 0.201389
4 0.827734 0.720833 0.049219 0.152778
4 0.871484 0.715972 0.052344 0.151389
4 0.912891 0.709722 0.049219 0.158333
4 0.954688 0.694444 0.046875 0.175000
4 0.187109 0.144444 0.030469 0.102778
4 0.227344 0.137500 0.034375 0.108333
4 0.269141 0.125694 0.035156 0.109722
4 0.311328 0.109722 0.038281 0.108333
4 0.446094 0.083333 0.045312 0.102778
4 0.508984 0.071528 0.038281 0.090278
4 0.557813 0.064583 0.045312 0.104167
4 0.610938 0.052083 0.035937 0.087500
4 0.715234 0.027083 0.074219 0.051389
4 0.729297 0.143056 0.082031 0.063889
