4 0.073828 0.396528 0.039844 0.154167
4 0.063281 0.555556 0.037500 0.152778
4 0.117188 0.388889 0.035937 0.155556
4 0.157031 0.365972 0.034375 0.126389
4 0.199609 0.366667 0.039844 0.144444
4 0.248438 0.352083 0.039062 0.168056
4 0.298047 0.323611 0.036719 0.147222
4 0.292187 0.472917 0.042188 0.143056
4 0.348438 0.343750 0.043750 0.159722
4 0.398828 0.401389 0.036719 0.125000
4 0.448828 0.354167 0.041406 0.141667
4 0.514062 0.347222 0.050000 0.177778
4 0.568359 0.357639 0.049219 0.145833
4 0.621094 0.379167 0.050000 0.163889
4 0.675781 0.361806 0.059375 0.162500
4 0.726562 0.356944 0.054688 0.138889
4 0.772266 0.333333 0.061719 0.122222
4 0.846094 0.377778 0.051562 0.152778
4 0.882031 0.372917 0.046875 0.123611
4 0.922266 0.374306 0.047656 0.112500
4 0.962500 0.369444 0.043750 0.105556
4 0.168750 0.897222 0.043750 0.166667
4 0.248047 0.853472 0.055469 0.176389
4 0.307812 0.844444 0.046875 0.191667
4 0.369141 0.841667 0.046094 0.150000
4 0.423438 0.808333 0.046875 0.188889
4 0.483203 0.777083 0.049219 0.195833
4 0.712500 0.739583 0.068750 0.201389
4 0.771875 0.731944 0.062500 0.200000
4 0.825781 0.718750 0.045312 0.159722
4 0.869922 0.713889 0.053906 0.150000
4 0.914453 0.711806 0.044531 0.173611
4 0.955078 0.697222 0.053906 0.169444
4 0.186328 0.145139 0.035156 0.101389
4 0.226562 0.138889 0.034375 0.105556
4 0.266797 0.122917 0.038281 0.115278
4 0.313281 0.106944 0.037500 0.102778
4 0.403125 0.094444 0.037500 0.113889
4 0.448437 0.083333 0.035937 0.105556
4 0.509766 0.074306 0.038281 0.098611
4 0.613281 0.051389 0.042188 0.088889
4 0.735547 0.143056 0.089844 0.063889
