4 0.075000 0.399306 0.043750 0.156944
4 0.116797 0.390972 0.033594 0.156944
4 0.198828 0.365278 0.035156 0.136111
4 0.250000 0.354861 0.040625 0.156944
4 0.297266 0.327778 0.035156 0.141667
4 0.345313 0.344444 0.035937 0.169444
4 0.398828 0.402083 0.039844 0.118056
4 0.450781 0.352778 0.042188 0.147222
4 0.569922 0.359028 0.049219 0.156944
4 0.623437 0.375000 0.048438 0.161111
4 0.675781 0.361806 0.054688 0.154167
4 0.766797 0.343750 0.055469 0.131944
4 0.923438 0.372222 0.050000 0.127778
4 0.188281 0.143750 0.042188 0.106944
4 0.227344 0.134722 0.035937 0.105556
4 0.267188 0.127083 0.037500 0.106944
4 0.556250 0.060417 0.046875 0.095833
4 0.608984 0.052778 0.038281 0.097222
4 0.730469 0.143056 0.085938 0.061111
4 0.205469 0.684028 0.093750 0.081944
4 0.187891 0.905556 0.049219 0.161111
4 0.308984 0.844444 0.050781 0.191667
4 0.369141 0.840278 0.046094 0.166667
4 0.869141 0.713194 0.052344 0.154167
4 0.911719 0.704861 0.048438 0.159722
4 0.956250 0.694444 0.053125 0.169444
