4 0.074609 0.402083 0.046094 0.156944
4 0.118750 0.391667 0.039062 0.150000
4 0.157031 0.368056 0.032813 0.122222
4 0.201172 0.363889 0.036719 0.138889
4 0.249219 0.352083 0.040625 0.156944
4 0.295703 0.327083 0.035156 0.140278
4 0.344531 0.342361 0.040625 0.173611
4 0.397266 0.397917 0.035156 0.112500
4 0.448828 0.356250 0.038281 0.140278
4 0.512109 0.348611 0.044531 0.183333
4 0.568750 0.359028 0.045312 0.151389
4 0.624609 0.375694 0.053906 0.162500
4 0.675781 0.362500 0.054688 0.158333
4 0.766797 0.345833 0.052344 0.133333
4 0.818359 0.368056 0.044531 0.144444
4 0.923047 0.372222 0.049219 0.127778
4 0.189062 0.146528 0.035937 0.101389
4 0.228125 0.130556 0.039062 0.111111
4 0.269531 0.120833 0.035937 0.111111
4 0.446094 0.081944 0.035937 0.102778
4 0.508203 0.072222 0.035156 0.091667
4 0.556641 0.060417 0.042969 0.098611
4 0.611328 0.052083 0.035156 0.087500
4 0.731641 0.141667 0.083594 0.063889
4 0.310547 0.847222 0.049219 0.194444
4 0.371875 0.843056 0.048438 0.155556
4 0.578516 0.789583 0.057031 0.198611
4 0.767969 0.727778 0.060937 0.216667
4 0.872266 0.708333 0.049219 0.150000
4 0.912500 0.705556 0.045312 0.155556
4 0.955078 0.691667 0.049219 0.163889
